% Parametres physiques :
tfin   = 1.09321e-7
q      = 1.6022e-19
m      = 1.6726e-27
B0     = 3
E      = 0
Kappa  = 0
x0     = -0.00139192
y0     = 0
vx0    = 0
vy0    = 4e5

% Parametres numeriques :
schema   = Euler
nsteps   = 500
output   = Euler.out
sampling = 1
